<?xml version="1.0" encoding="UTF-8" standalone="no"?>
<!DOCTYPE svg PUBLIC "-//W3C//DTD SVG 20010904//EN"
              "http://www.w3.org/TR/2001/REC-SVG-20010904/DTD/svg10.dtd">

<svg xmlns="http://www.w3.org/2000/svg"
     width="635.055mm" height="545.724mm"
     viewBox="0 0 3000 2578">
  <path id="Selection"
        fill="none" stroke="black" stroke-width="1"
        d="M 314.06,701.74
           C 319.57,700.37 332.66,701.00 339.00,701.00
             339.00,701.00 385.00,701.00 385.00,701.00
             385.00,701.00 533.00,701.00 533.00,701.00
             533.00,701.00 584.00,701.00 584.00,701.00
             594.13,701.14 597.49,707.45 596.91,717.00
             596.91,717.00 593.62,732.00 593.62,732.00
             593.62,732.00 592.56,745.00 592.56,745.00
             592.56,745.00 590.32,755.00 590.32,755.00
             590.32,755.00 589.00,772.00 589.00,772.00
             589.00,772.00 588.00,825.00 588.00,825.00
             587.98,839.25 584.91,837.49 583.12,846.00
             580.95,858.73 582.92,857.94 583.12,866.00
             583.12,866.00 582.00,877.00 582.00,877.00
             582.00,877.00 581.01,896.00 581.01,896.00
             581.01,896.00 582.00,910.00 582.00,910.00
             582.00,910.00 582.00,952.00 582.00,952.00
             582.00,952.00 581.04,962.00 581.04,962.00
             581.04,962.00 581.04,1000.00 581.04,1000.00
             581.04,1000.00 581.04,1080.00 581.04,1080.00
             581.00,1085.80 582.52,1099.29 577.61,1102.91
             574.98,1104.85 571.13,1104.96 568.00,1105.00
             568.00,1105.00 550.00,1104.00 550.00,1104.00
             550.00,1104.00 354.00,1104.00 354.00,1104.00
             345.91,1104.01 327.29,1108.63 323.60,1098.98
             322.89,1097.12 323.00,1094.03 323.00,1092.00
             323.00,1092.00 323.00,986.00 323.00,986.00
             323.00,986.00 322.00,971.00 322.00,971.00
             322.00,971.00 322.00,850.00 322.00,850.00
             321.85,837.62 318.02,841.00 318.00,827.00
             318.00,827.00 318.00,819.00 318.00,819.00
             317.98,808.80 316.42,807.68 315.14,799.00
             315.14,799.00 315.14,785.00 315.14,785.00
             315.14,785.00 312.00,760.00 312.00,760.00
             312.00,760.00 311.00,735.00 311.00,735.00
             311.00,735.00 310.01,723.00 310.01,723.00
             309.85,716.19 307.30,705.87 314.06,701.74 Z
           M 1259.02,701.65
           C 1264.90,700.42 1281.97,701.00 1289.00,701.00
             1289.00,701.00 1346.00,701.00 1346.00,701.00
             1346.00,701.00 1526.00,701.00 1526.00,701.00
             1528.39,701.00 1531.78,700.87 1533.98,701.74
             1541.76,704.80 1539.85,712.59 1539.16,719.00
             1539.16,719.00 1537.95,730.00 1537.95,730.00
             1537.95,730.00 1536.04,753.00 1536.04,753.00
             1536.04,753.00 1534.79,773.00 1534.79,773.00
             1534.79,773.00 1531.62,784.00 1531.62,784.00
             1531.62,784.00 1530.83,799.00 1530.83,799.00
             1530.12,806.10 1529.01,806.04 1529.00,815.00
             1529.00,815.00 1529.00,864.00 1529.00,864.00
             1529.00,864.00 1527.00,892.00 1527.00,892.00
             1527.00,892.00 1527.00,961.00 1527.00,961.00
             1526.98,974.73 1522.03,979.39 1522.00,998.00
             1522.00,998.00 1522.00,1037.00 1522.00,1037.00
             1522.00,1037.00 1522.00,1067.00 1522.00,1067.00
             1522.00,1067.00 1523.00,1090.00 1523.00,1090.00
             1522.99,1093.98 1523.16,1099.42 1520.30,1102.57
             1517.51,1105.64 1511.85,1105.04 1508.00,1105.00
             1508.00,1105.00 1493.00,1104.00 1493.00,1104.00
             1493.00,1104.00 1299.00,1104.00 1299.00,1104.00
             1292.35,1104.01 1274.96,1107.69 1270.85,1101.85
             1268.77,1098.90 1269.01,1094.46 1269.09,1091.00
             1269.09,1091.00 1269.09,1019.00 1269.09,1019.00
             1269.09,1019.00 1269.09,990.00 1269.09,990.00
             1269.09,990.00 1267.02,962.00 1267.02,962.00
             1267.02,962.00 1267.02,899.00 1267.02,899.00
             1267.02,899.00 1267.02,889.72 1267.02,889.72
             1266.27,882.61 1263.02,881.03 1263.00,867.00
             1263.00,867.00 1263.00,847.00 1263.00,847.00
             1263.00,847.00 1261.08,827.00 1261.08,827.00
             1261.08,827.00 1261.08,812.00 1261.08,812.00
             1261.08,812.00 1259.32,793.00 1259.32,793.00
             1260.36,779.12 1258.15,778.01 1258.00,765.00
             1257.89,755.79 1255.85,753.69 1254.46,746.00
             1254.46,746.00 1253.72,738.00 1253.72,738.00
             1252.13,724.95 1251.93,729.25 1252.00,715.00
             1252.03,708.26 1252.31,704.62 1259.02,701.65 Z
           M 1706.00,781.00
           C 1706.00,781.00 1704.19,789.00 1704.19,789.00
             1704.19,789.00 1705.00,804.00 1705.00,804.00
             1705.00,804.00 1705.00,824.00 1705.00,824.00
             1705.00,824.00 1706.00,838.00 1706.00,838.00
             1706.00,838.00 1706.00,1027.00 1706.00,1027.00
             1706.00,1027.00 1706.00,1082.00 1706.00,1082.00
             1706.00,1087.18 1707.07,1098.86 1703.49,1102.57
             1699.97,1106.23 1687.12,1105.09 1682.00,1105.00
             1672.41,1104.82 1672.01,1100.17 1672.00,1092.00
             1672.00,1092.00 1672.00,974.00 1672.00,974.00
             1672.00,974.00 1669.00,949.00 1669.00,949.00
             1669.00,949.00 1669.00,891.00 1669.00,891.00
             1668.98,878.33 1665.02,876.38 1665.00,863.00
             1665.00,863.00 1665.00,844.00 1665.00,844.00
             1665.00,844.00 1663.00,821.00 1663.00,821.00
             1663.00,821.00 1661.00,792.00 1661.00,792.00
             1661.00,792.00 1661.00,772.00 1661.00,772.00
             1661.00,772.00 1659.47,754.00 1659.47,754.00
             1659.47,754.00 1656.33,744.00 1656.33,744.00
             1656.33,744.00 1654.01,718.00 1654.01,718.00
             1653.70,704.30 1656.32,701.02 1670.00,701.00
             1670.00,701.00 1948.00,701.00 1948.00,701.00
             1951.96,701.01 1956.34,700.84 1959.82,703.09
             1963.97,705.77 1972.57,722.82 1975.02,728.00
             1975.02,728.00 1990.25,755.00 1990.25,755.00
             1990.25,755.00 1994.13,764.00 1994.13,764.00
             1994.13,764.00 1998.18,770.00 1998.18,770.00
             1998.18,770.00 2004.23,782.00 2004.23,782.00
             2004.23,782.00 2012.98,797.00 2012.98,797.00
             2012.98,797.00 2027.96,823.00 2027.96,823.00
             2027.96,823.00 2030.54,829.00 2030.54,829.00
             2030.54,829.00 2038.66,844.00 2038.66,844.00
             2038.66,844.00 2046.32,857.00 2046.32,857.00
             2046.32,857.00 2049.63,865.00 2049.63,865.00
             2049.63,865.00 2058.69,879.00 2058.69,879.00
             2058.69,879.00 2064.63,890.00 2064.63,890.00
             2064.63,890.00 2068.21,898.00 2068.21,898.00
             2068.21,898.00 2082.96,923.00 2082.96,923.00
             2082.96,923.00 2092.12,942.00 2092.12,942.00
             2092.12,942.00 2100.38,955.00 2100.38,955.00
             2100.38,955.00 2104.22,964.00 2104.22,964.00
             2104.22,964.00 2109.05,971.00 2109.05,971.00
             2109.05,971.00 2119.40,989.00 2119.40,989.00
             2119.40,989.00 2123.60,998.00 2123.60,998.00
             2123.60,998.00 2138.69,1025.00 2138.69,1025.00
             2138.69,1025.00 2144.74,1036.00 2144.74,1036.00
             2144.74,1036.00 2148.54,1044.00 2148.54,1044.00
             2148.54,1044.00 2156.47,1056.00 2156.47,1056.00
             2156.47,1056.00 2160.20,1064.00 2160.20,1064.00
             2160.20,1064.00 2173.32,1086.00 2173.32,1086.00
             2175.24,1089.13 2181.17,1100.13 2178.31,1103.40
             2176.74,1105.20 2173.18,1104.98 2171.00,1105.00
             2171.00,1105.00 2158.00,1105.00 2158.00,1105.00
             2158.00,1105.00 2143.00,1104.00 2143.00,1104.00
             2143.00,1104.00 1909.00,1104.00 1909.00,1104.00
             1901.57,1104.01 1893.86,1106.60 1887.00,1102.64
             1880.41,1098.82 1876.42,1086.71 1872.88,1080.00
             1872.88,1080.00 1864.94,1067.00 1864.94,1067.00
             1864.94,1067.00 1860.39,1057.00 1860.39,1057.00
             1860.39,1057.00 1852.54,1045.00 1852.54,1045.00
             1852.54,1045.00 1843.95,1028.00 1843.95,1028.00
             1843.95,1028.00 1832.89,1009.00 1832.89,1009.00
             1832.89,1009.00 1818.25,981.00 1818.25,981.00
             1818.25,981.00 1808.90,966.00 1808.90,966.00
             1808.90,966.00 1802.23,954.00 1802.23,954.00
             1802.23,954.00 1799.05,947.00 1799.05,947.00
             1799.05,947.00 1790.76,934.00 1790.76,934.00
             1790.76,934.00 1788.04,927.00 1788.04,927.00
             1788.04,927.00 1781.60,915.04 1781.60,915.04
             1781.60,915.04 1777.40,908.83 1777.40,908.83
             1777.40,908.83 1770.49,895.00 1770.49,895.00
             1770.49,895.00 1766.07,888.00 1766.07,888.00
             1766.07,888.00 1762.88,880.00 1762.88,880.00
             1762.88,880.00 1755.12,869.00 1755.12,869.00
             1755.12,869.00 1750.79,860.00 1750.79,860.00
             1750.79,860.00 1730.18,823.00 1730.18,823.00
             1730.18,823.00 1726.32,814.00 1726.32,814.00
             1722.54,807.57 1710.65,787.05 1709.00,781.00
             1709.00,781.00 1706.00,781.00 1706.00,781.00 Z
           M 2560.04,701.65
           C 2560.04,701.65 2607.00,701.00 2607.00,701.00
             2609.04,701.00 2612.11,700.89 2613.98,701.60
             2622.54,704.85 2619.83,717.03 2619.00,724.00
             2619.00,724.00 2619.00,732.00 2619.00,732.00
             2617.65,744.33 2617.02,740.12 2617.00,755.00
             2616.98,767.75 2615.04,765.61 2613.19,774.00
             2613.19,774.00 2613.19,787.00 2613.19,787.00
             2613.19,787.00 2611.04,802.00 2611.04,802.00
             2611.04,802.00 2611.04,821.00 2611.04,821.00
             2611.04,821.00 2610.00,839.00 2610.00,839.00
             2610.00,839.00 2610.00,868.00 2610.00,868.00
             2610.00,868.00 2609.00,885.00 2609.00,885.00
             2609.00,885.00 2609.00,962.00 2609.00,962.00
             2608.98,975.73 2604.02,981.27 2604.00,995.00
             2604.00,995.00 2604.00,1087.00 2604.00,1087.00
             2604.06,1092.24 2605.82,1101.60 2599.81,1104.26
             2597.82,1105.14 2594.21,1105.00 2592.00,1105.00
             2592.00,1105.00 2580.00,1105.00 2580.00,1105.00
             2570.51,1104.87 2569.11,1100.82 2569.00,1092.00
             2569.00,1092.00 2569.00,1088.00 2569.00,1088.00
             2569.00,1088.00 2570.00,1073.00 2570.00,1073.00
             2570.00,1073.00 2570.00,986.00 2570.00,986.00
             2570.00,986.00 2568.00,953.00 2568.00,953.00
             2568.00,953.00 2568.00,887.00 2568.00,887.00
             2568.00,887.00 2568.78,873.00 2568.78,873.00
             2568.05,866.75 2566.02,868.27 2565.86,856.00
             2565.86,856.00 2565.86,835.00 2565.86,835.00
             2564.50,825.15 2562.02,821.56 2561.92,811.00
             2561.92,811.00 2561.92,796.00 2561.92,796.00
             2560.94,786.66 2560.02,787.03 2560.00,776.00
             2560.00,776.00 2559.00,759.00 2559.00,759.00
             2558.98,748.35 2559.09,737.57 2557.71,727.00
             2557.71,727.00 2554.21,713.00 2554.21,713.00
             2553.42,707.22 2554.74,704.08 2560.04,701.65 Z
           M 700.00,1238.44
           C 700.00,1238.44 717.00,1239.00 717.00,1239.00
             728.57,1239.02 735.09,1236.84 743.58,1246.58
             746.40,1249.81 747.17,1253.84 747.71,1258.00
             748.85,1266.71 747.30,1276.69 739.83,1282.30
             738.07,1283.63 735.07,1284.82 733.00,1285.77
             727.49,1288.28 726.13,1288.92 720.00,1289.00
             715.11,1289.06 708.82,1287.94 706.02,1293.06
             703.24,1298.15 708.00,1306.67 699.98,1307.85
             695.94,1308.44 691.80,1307.43 690.96,1302.96
             690.96,1302.96 690.96,1286.00 690.96,1286.00
             690.96,1286.00 690.96,1250.00 690.96,1250.00
             691.02,1241.65 691.45,1240.13 700.00,1238.44 Z
           M 847.00,1238.47
           C 847.00,1238.47 877.00,1239.00 877.00,1239.00
             889.51,1239.17 899.20,1252.88 897.81,1265.00
             897.31,1269.43 893.95,1275.39 891.37,1279.00
             890.01,1280.91 886.96,1283.93 886.41,1286.00
             884.74,1292.29 903.77,1304.90 890.98,1307.97
             888.12,1308.66 883.74,1308.19 881.41,1306.27
             879.05,1304.31 874.40,1293.31 870.79,1290.60
             867.23,1287.93 855.12,1286.60 853.66,1295.00
             853.36,1296.34 853.64,1297.67 853.66,1299.00
             854.37,1310.56 843.08,1308.52 840.43,1306.26
             836.71,1303.09 838.99,1293.81 838.92,1289.00
             838.92,1289.00 838.92,1255.00 838.92,1255.00
             838.96,1252.10 837.97,1246.27 838.92,1244.04
             840.16,1240.22 843.49,1239.34 847.00,1238.47 Z
           M 1018.00,1238.42
           C 1024.07,1237.68 1036.69,1238.21 1042.00,1241.07
             1051.99,1246.46 1056.32,1252.65 1059.86,1263.00
             1061.47,1267.70 1062.30,1269.85 1061.91,1275.00
             1061.65,1278.35 1060.71,1280.86 1059.67,1284.00
             1057.50,1290.51 1055.15,1294.97 1049.83,1299.61
             1038.19,1309.78 1030.21,1308.19 1016.00,1308.00
             1009.30,1307.91 1008.53,1307.03 1003.00,1303.53
             993.40,1297.45 990.42,1292.79 987.42,1282.00
             986.65,1279.23 985.69,1275.86 985.74,1273.00
             985.78,1269.93 986.79,1266.95 987.53,1264.00
             988.12,1261.65 988.52,1259.21 989.57,1257.00
             992.61,1250.62 1002.19,1241.76 1009.00,1239.65
             1009.00,1239.65 1018.00,1238.42 1018.00,1238.42 Z
           M 1161.68,1238.74
           C 1170.10,1237.70 1178.59,1238.38 1187.00,1238.74
             1191.19,1239.18 1194.94,1238.58 1199.00,1240.14
             1204.06,1242.10 1211.44,1248.52 1214.51,1253.00
             1216.50,1255.92 1216.71,1257.79 1217.74,1261.00
             1223.09,1277.65 1218.38,1294.13 1203.00,1303.45
             1195.92,1307.74 1196.33,1307.99 1188.00,1308.00
             1188.00,1308.00 1163.00,1308.00 1163.00,1308.00
             1160.65,1307.98 1157.39,1308.19 1155.60,1306.40
             1153.68,1304.48 1154.01,1300.54 1154.00,1298.00
             1154.00,1298.00 1154.00,1249.00 1154.00,1249.00
             1154.01,1241.56 1153.80,1239.76 1161.68,1238.74 Z
           M 1316.00,1238.70
           C 1330.47,1238.57 1325.01,1252.67 1325.00,1262.00
             1324.98,1272.79 1321.93,1291.80 1336.00,1294.75
             1338.15,1294.95 1340.81,1295.06 1343.00,1294.75
             1358.98,1294.26 1358.00,1278.80 1358.00,1267.00
             1358.00,1267.00 1358.00,1248.00 1358.00,1248.00
             1358.11,1242.28 1360.27,1237.71 1367.00,1238.89
             1373.23,1239.99 1372.99,1244.99 1373.00,1250.00
             1373.03,1266.35 1376.39,1292.08 1362.00,1303.10
             1356.44,1307.36 1354.84,1307.96 1348.00,1308.00
             1348.00,1308.00 1334.00,1308.00 1334.00,1308.00
             1325.23,1307.88 1316.26,1301.11 1312.85,1293.00
             1310.84,1288.21 1309.03,1274.40 1309.00,1269.00
             1309.00,1269.00 1309.00,1250.00 1309.00,1250.00
             1309.00,1247.66 1308.80,1244.26 1310.02,1242.22
             1311.48,1239.81 1313.51,1239.35 1316.00,1238.70 Z
           M 1495.00,1238.42
           C 1503.05,1237.44 1514.42,1238.03 1521.00,1243.04
             1523.42,1244.89 1527.08,1247.49 1525.83,1251.00
             1524.90,1253.64 1520.93,1257.16 1518.00,1256.99
             1517.23,1256.95 1506.73,1251.69 1501.00,1250.94
             1493.24,1249.93 1483.23,1256.00 1479.97,1263.04
             1472.89,1278.30 1483.59,1295.99 1501.00,1294.68
             1503.51,1294.49 1508.83,1293.84 1511.00,1292.84
             1514.17,1291.39 1517.02,1288.05 1520.82,1290.04
             1522.31,1290.82 1523.65,1292.56 1524.43,1294.02
             1527.55,1299.91 1523.29,1301.35 1519.00,1303.92
             1517.11,1305.06 1515.07,1306.55 1513.00,1307.28
             1509.75,1308.42 1496.23,1308.05 1492.00,1308.00
             1481.81,1307.86 1471.96,1299.68 1467.08,1291.00
             1465.62,1288.39 1464.86,1284.90 1463.98,1282.00
             1462.88,1278.43 1461.83,1275.85 1462.20,1272.00
             1462.42,1269.66 1465.55,1258.10 1466.56,1256.00
             1469.60,1249.74 1479.26,1241.33 1486.00,1239.56
             1486.00,1239.56 1495.00,1238.42 1495.00,1238.42 Z
           M 1616.00,1238.78
           C 1624.61,1237.01 1628.18,1238.90 1636.00,1238.78
             1636.00,1238.78 1654.00,1238.04 1654.00,1238.04
             1659.61,1237.82 1668.91,1237.98 1667.76,1245.99
             1666.15,1257.09 1650.53,1247.85 1646.02,1255.23
             1645.00,1256.89 1645.04,1259.11 1645.00,1261.00
             1645.00,1261.00 1645.00,1298.00 1645.00,1298.00
             1645.00,1300.23 1645.21,1303.80 1643.98,1305.69
             1641.72,1309.18 1634.28,1309.12 1632.02,1305.69
             1630.79,1303.82 1631.00,1300.21 1631.00,1298.00
             1631.00,1298.00 1631.00,1264.00 1631.00,1264.00
             1631.00,1261.01 1631.31,1256.84 1629.26,1254.43
             1624.90,1249.30 1616.13,1254.99 1611.85,1248.85
             1608.40,1243.89 1611.28,1240.49 1616.00,1238.78 Z
           M 1762.00,1238.67
           C 1766.70,1238.95 1769.93,1240.92 1770.17,1246.00
             1770.17,1246.00 1770.17,1255.00 1770.17,1255.00
             1770.17,1255.00 1770.17,1293.00 1770.17,1293.00
             1770.07,1299.07 1772.80,1307.06 1764.00,1307.89
             1755.46,1308.69 1755.01,1303.74 1755.00,1297.00
             1755.00,1297.00 1755.00,1249.00 1755.00,1249.00
             1755.04,1242.79 1755.35,1240.15 1762.00,1238.67 Z
           M 1896.00,1238.42
           C 1900.11,1237.94 1912.41,1238.66 1916.00,1240.30
             1931.97,1247.61 1941.85,1266.95 1936.15,1284.00
             1934.66,1288.45 1929.60,1295.47 1926.27,1298.79
             1914.89,1310.12 1905.59,1308.20 1891.00,1308.00
             1883.95,1307.90 1882.55,1306.22 1877.00,1302.14
             1871.94,1298.41 1866.81,1292.82 1864.13,1287.00
             1861.38,1280.36 1861.35,1266.75 1864.13,1260.00
             1866.90,1252.55 1876.52,1242.65 1884.00,1239.89
             1886.73,1238.88 1892.56,1238.91 1896.00,1238.42 Z
           M 2042.00,1266.00
           C 2040.78,1272.79 2040.92,1276.21 2041.13,1283.00
             2041.06,1288.13 2043.25,1300.51 2041.13,1304.77
             2039.81,1307.89 2036.05,1308.20 2033.02,1307.89
             2023.59,1306.94 2027.99,1293.61 2028.06,1285.00
             2028.06,1285.00 2028.06,1254.00 2028.06,1254.00
             2027.97,1250.96 2027.31,1245.73 2028.06,1243.05
             2030.44,1236.13 2039.39,1238.24 2043.68,1241.80
             2045.72,1243.50 2047.19,1245.87 2048.74,1248.00
             2048.74,1248.00 2059.14,1262.00 2059.14,1262.00
             2059.14,1262.00 2073.00,1281.00 2073.00,1281.00
             2073.00,1281.00 2075.00,1281.00 2075.00,1281.00
             2076.77,1273.73 2076.12,1256.01 2075.67,1248.00
             2074.98,1235.89 2085.57,1237.94 2088.26,1240.72
             2090.22,1242.76 2089.99,1246.37 2090.00,1249.00
             2090.00,1249.00 2090.00,1297.00 2090.00,1297.00
             2090.00,1299.45 2090.24,1303.52 2088.83,1305.57
             2085.72,1310.09 2076.51,1307.87 2073.18,1304.77
             2073.18,1304.77 2052.73,1277.00 2052.73,1277.00
             2049.36,1272.43 2047.21,1268.58 2042.00,1266.00 Z
           M 2209.00,1238.43
           C 2213.53,1237.94 2228.44,1238.69 2231.89,1241.01
             2236.44,1244.05 2237.58,1251.13 2232.85,1253.26
             2228.34,1255.30 2219.20,1252.24 2214.00,1252.04
             2210.54,1251.90 2200.94,1252.29 2202.49,1258.00
             2203.54,1261.88 2208.66,1263.51 2212.00,1264.59
             2212.00,1264.59 2230.57,1272.39 2230.57,1272.39
             2242.62,1282.10 2239.72,1299.75 2226.00,1306.55
             2221.50,1308.77 2208.51,1308.07 2203.00,1308.00
             2196.72,1307.91 2181.72,1302.12 2183.61,1294.01
             2184.00,1292.35 2184.91,1290.79 2186.28,1289.74
             2191.38,1285.80 2195.50,1291.20 2200.00,1292.99
             2202.22,1293.88 2207.46,1294.33 2210.00,1294.49
             2213.58,1294.72 2221.01,1294.19 2222.12,1289.89
             2223.31,1285.26 2215.51,1280.72 2212.00,1279.21
             2203.90,1275.72 2198.19,1277.24 2190.22,1269.61
             2181.79,1261.53 2186.33,1245.44 2196.09,1240.57
             2199.63,1238.79 2204.93,1239.00 2209.00,1238.43 Z
           M 1023.00,1250.50
           C 1016.47,1251.55 1009.57,1253.67 1005.30,1259.02
             1000.67,1264.81 1000.54,1278.40 1003.65,1284.91
             1004.85,1287.43 1008.75,1291.47 1011.17,1292.84
             1015.09,1295.07 1023.50,1295.24 1028.00,1294.91
             1043.72,1293.76 1050.35,1275.01 1043.70,1262.00
             1039.78,1254.32 1031.21,1250.85 1023.00,1250.50 Z
           M 1896.00,1251.30
           C 1892.22,1252.01 1887.31,1253.03 1884.29,1255.51
             1873.63,1264.25 1874.35,1283.03 1885.17,1291.35
             1890.04,1295.10 1900.10,1295.74 1906.00,1294.67
             1910.56,1293.85 1913.78,1291.42 1916.79,1287.98
             1925.28,1278.27 1924.66,1266.36 1915.79,1257.11
             1910.77,1251.86 1902.93,1250.63 1896.00,1251.30 Z
           M 710.02,1252.43
           C 703.30,1255.29 704.89,1261.62 705.00,1268.00
             705.04,1270.11 704.93,1272.57 706.60,1274.15
             708.56,1275.99 712.46,1275.97 715.00,1276.00
             719.72,1276.05 724.89,1276.25 728.90,1273.30
             736.01,1268.07 734.66,1257.09 730.58,1253.85
             727.20,1251.17 714.37,1251.76 710.02,1252.43 Z
           M 858.04,1252.43
           C 851.46,1255.32 852.89,1261.78 853.00,1268.00
             853.04,1270.11 852.93,1272.57 854.60,1274.15
             856.72,1276.14 861.25,1275.99 864.00,1276.00
             867.98,1276.02 873.37,1276.25 876.83,1274.07
             882.82,1270.28 885.81,1259.78 879.72,1254.70
             875.50,1251.17 863.34,1251.61 858.04,1252.43 Z
           M 1171.15,1252.60
           C 1167.82,1254.92 1168.08,1256.04 1168.00,1260.00
             1168.00,1260.00 1168.00,1286.00 1168.00,1286.00
             1168.02,1288.13 1167.74,1291.51 1169.60,1292.98
             1171.61,1294.57 1182.91,1294.01 1186.00,1294.00
             1188.95,1294.00 1192.22,1294.22 1194.91,1292.84
             1205.42,1287.46 1207.90,1269.01 1201.49,1260.00
             1196.92,1253.58 1191.46,1252.09 1184.00,1252.00
             1179.74,1251.95 1175.31,1251.66 1171.15,1252.60 Z
           M 328.04,1435.65
           C 333.63,1434.47 344.80,1435.00 351.00,1435.00
             351.00,1435.00 392.00,1435.00 392.00,1435.00
             392.00,1435.00 523.00,1435.00 523.00,1435.00
             523.00,1435.00 562.00,1435.00 562.00,1435.00
             565.67,1435.00 574.92,1434.43 577.77,1436.17
             581.48,1438.44 580.99,1443.25 581.00,1447.00
             581.00,1447.00 581.00,1751.00 581.00,1751.00
             581.00,1751.00 581.00,1823.00 581.00,1823.00
             580.94,1828.17 578.17,1838.78 581.59,1842.69
             585.01,1846.61 595.81,1844.01 601.00,1844.00
             601.00,1844.00 735.00,1844.00 735.00,1844.00
             735.00,1844.00 750.00,1843.00 750.00,1843.00
             750.00,1843.00 790.00,1843.00 790.00,1843.00
             790.00,1843.00 808.00,1841.68 808.00,1841.68
             808.00,1841.68 818.00,1839.30 818.00,1839.30
             818.00,1839.30 828.00,1838.71 828.00,1838.71
             828.00,1838.71 853.00,1834.30 853.00,1834.30
             853.00,1834.30 870.00,1832.17 870.00,1832.17
             870.00,1832.17 886.00,1830.54 886.00,1830.54
             886.00,1830.54 903.00,1825.62 903.00,1825.62
             903.00,1825.62 920.00,1824.21 920.00,1824.21
             920.00,1824.21 929.00,1820.70 929.00,1820.70
             929.00,1820.70 944.00,1816.42 944.00,1816.42
             944.00,1816.42 963.00,1812.23 963.00,1812.23
             963.00,1812.23 974.00,1807.93 974.00,1807.93
             974.00,1807.93 988.00,1805.67 988.00,1805.67
             988.00,1805.67 996.00,1802.12 996.00,1802.12
             996.00,1802.12 1005.00,1799.45 1005.00,1799.45
             1005.00,1799.45 1013.00,1796.10 1013.00,1796.10
             1013.00,1796.10 1022.00,1794.01 1022.00,1794.01
             1022.00,1794.01 1031.00,1790.11 1031.00,1790.11
             1031.00,1790.11 1043.00,1787.40 1043.00,1787.40
             1043.00,1787.40 1052.00,1783.47 1052.00,1783.47
             1052.00,1783.47 1059.00,1781.40 1059.00,1781.40
             1059.00,1781.40 1068.00,1777.60 1068.00,1777.60
             1068.00,1777.60 1077.00,1775.32 1077.00,1775.32
             1077.00,1775.32 1085.00,1771.26 1085.00,1771.26
             1085.00,1771.26 1095.00,1769.11 1095.00,1769.11
             1100.82,1766.94 1104.35,1761.03 1112.98,1763.57
             1119.03,1765.34 1119.24,1769.84 1117.45,1775.00
             1117.45,1775.00 1111.94,1788.00 1111.94,1788.00
             1109.29,1792.86 1108.95,1791.89 1106.66,1798.00
             1106.66,1798.00 1096.42,1819.00 1096.42,1819.00
             1096.42,1819.00 1093.46,1826.00 1093.46,1826.00
             1093.46,1826.00 1090.04,1832.00 1090.04,1832.00
             1090.04,1832.00 1087.48,1839.00 1087.48,1839.00
             1087.48,1839.00 1078.90,1856.00 1078.90,1856.00
             1078.90,1856.00 1075.58,1864.00 1075.58,1864.00
             1075.58,1864.00 1072.04,1870.00 1072.04,1870.00
             1070.30,1873.32 1070.09,1875.57 1067.75,1878.96
             1062.77,1886.17 1057.07,1886.99 1049.00,1887.00
             1049.00,1887.00 491.00,1887.00 491.00,1887.00
             491.00,1887.00 322.00,1887.00 322.00,1887.00
             316.56,1886.99 309.35,1886.75 305.85,1881.79
             302.79,1877.45 304.56,1871.80 304.91,1867.00
             306.12,1850.51 310.96,1849.68 311.00,1827.00
             311.00,1827.00 311.00,1819.00 311.00,1819.00
             311.00,1819.00 315.00,1772.00 315.00,1772.00
             315.09,1764.94 316.77,1760.53 317.70,1754.00
             317.70,1754.00 318.62,1740.00 318.62,1740.00
             320.34,1730.40 321.98,1728.94 322.00,1718.00
             322.00,1718.00 322.00,1607.00 322.00,1607.00
             322.00,1607.00 323.00,1592.00 323.00,1592.00
             323.00,1592.00 323.00,1517.00 323.00,1517.00
             323.00,1517.00 323.00,1456.00 323.00,1456.00
             323.00,1452.21 322.36,1441.18 324.17,1438.39
             325.31,1436.65 326.33,1436.45 328.04,1435.65 Z
           M 1272.28,1436.02
           C 1277.22,1434.17 1286.44,1435.00 1292.00,1435.00
             1292.00,1435.00 1332.00,1435.00 1332.00,1435.00
             1332.00,1435.00 1469.00,1435.00 1469.00,1435.00
             1469.00,1435.00 1506.00,1435.00 1506.00,1435.00
             1509.64,1435.00 1517.77,1434.29 1520.44,1436.74
             1523.81,1439.82 1523.04,1450.52 1523.00,1455.00
             1523.00,1455.00 1522.00,1473.00 1522.00,1473.00
             1522.00,1473.00 1522.00,1785.00 1522.00,1785.00
             1522.00,1785.00 1522.00,1892.00 1522.00,1892.00
             1522.00,1892.00 1520.68,1915.00 1520.68,1915.00
             1520.68,1915.00 1518.29,1926.00 1518.29,1926.00
             1517.52,1931.86 1518.67,1933.18 1516.76,1941.00
             1515.18,1947.50 1512.72,1949.55 1511.55,1954.00
             1511.55,1954.00 1509.21,1971.00 1509.21,1971.00
             1509.21,1971.00 1505.10,1981.00 1505.10,1981.00
             1505.10,1981.00 1498.46,2001.00 1498.46,2001.00
             1498.46,2001.00 1493.22,2010.00 1493.22,2010.00
             1491.64,2013.80 1492.32,2016.12 1490.02,2021.00
             1486.03,2029.46 1480.65,2036.24 1475.68,2044.00
             1475.68,2044.00 1472.18,2051.00 1472.18,2051.00
             1472.18,2051.00 1464.71,2062.00 1464.71,2062.00
             1458.04,2071.40 1440.48,2091.16 1431.99,2098.82
             1431.99,2098.82 1424.28,2105.01 1424.28,2105.01
             1424.28,2105.01 1409.00,2118.51 1409.00,2118.51
             1409.00,2118.51 1393.00,2128.66 1393.00,2128.66
             1393.00,2128.66 1369.00,2144.19 1369.00,2144.19
             1369.00,2144.19 1361.00,2147.42 1361.00,2147.42
             1361.00,2147.42 1345.00,2155.49 1345.00,2155.49
             1345.00,2155.49 1336.00,2158.52 1336.00,2158.52
             1336.00,2158.52 1328.00,2162.52 1328.00,2162.52
             1328.00,2162.52 1319.00,2164.88 1319.00,2164.88
             1319.00,2164.88 1311.00,2169.36 1311.00,2169.36
             1311.00,2169.36 1287.00,2176.44 1287.00,2176.44
             1287.00,2176.44 1275.00,2181.21 1275.00,2181.21
             1275.00,2181.21 1258.00,2183.54 1258.00,2183.54
             1253.74,2184.73 1251.40,2186.97 1245.00,2188.50
             1245.00,2188.50 1219.00,2193.56 1219.00,2193.56
             1219.00,2193.56 1206.00,2195.31 1206.00,2195.31
             1206.00,2195.31 1196.00,2198.12 1196.00,2198.12
             1189.88,2199.73 1177.40,2200.92 1171.00,2201.16
             1171.00,2201.16 1157.00,2201.16 1157.00,2201.16
             1152.33,2202.10 1150.64,2203.71 1145.00,2203.96
             1141.54,2204.11 1136.17,2203.76 1133.21,2201.86
             1129.62,2199.56 1123.68,2187.29 1124.32,2183.00
             1124.73,2180.24 1126.82,2177.24 1128.67,2175.21
             1133.46,2169.96 1138.11,2169.45 1144.00,2166.89
             1144.00,2166.89 1157.00,2159.41 1157.00,2159.41
             1157.00,2159.41 1181.00,2144.97 1181.00,2144.97
             1181.00,2144.97 1187.83,2141.32 1187.83,2141.32
             1187.83,2141.32 1211.91,2120.91 1211.91,2120.91
             1211.91,2120.91 1232.19,2097.00 1232.19,2097.00
             1236.57,2090.16 1242.57,2077.57 1245.96,2070.00
             1245.96,2070.00 1250.32,2062.00 1250.32,2062.00
             1250.32,2062.00 1253.16,2047.00 1253.16,2047.00
             1253.16,2047.00 1256.41,2038.00 1256.41,2038.00
             1257.72,2033.88 1261.95,2012.08 1262.00,2008.00
             1262.00,2008.00 1263.09,1987.00 1263.09,1987.00
             1263.71,1978.12 1266.88,1975.98 1267.00,1966.00
             1267.00,1966.00 1267.00,1941.00 1267.00,1941.00
             1267.00,1941.00 1269.79,1919.00 1269.79,1919.00
             1269.79,1919.00 1269.00,1906.00 1269.00,1906.00
             1269.00,1906.00 1269.00,1555.00 1269.00,1555.00
             1269.00,1555.00 1269.00,1468.00 1269.00,1468.00
             1269.00,1468.00 1269.57,1440.02 1269.57,1440.02
             1270.29,1437.61 1270.62,1437.62 1272.28,1436.02 Z
           M 1675.15,1436.02
           C 1680.15,1434.24 1691.28,1434.90 1697.00,1435.00
             1699.27,1435.05 1701.69,1434.97 1703.49,1436.60
             1706.14,1438.99 1705.98,1443.72 1706.00,1447.00
             1706.00,1447.00 1706.00,1525.00 1706.00,1525.00
             1706.00,1525.00 1706.00,1626.00 1706.00,1626.00
             1706.00,1626.00 1707.11,1640.00 1707.11,1640.00
             1707.11,1640.00 1707.11,1682.00 1707.11,1682.00
             1706.99,1688.68 1706.15,1695.35 1707.11,1702.00
             1707.11,1702.00 1711.32,1714.00 1711.32,1714.00
             1712.26,1718.09 1712.02,1723.71 1711.86,1728.00
             1711.86,1728.00 1711.86,1737.00 1711.86,1737.00
             1711.86,1737.00 1711.86,1748.00 1711.86,1748.00
             1711.86,1748.00 1713.00,1764.00 1713.00,1764.00
             1713.00,1764.00 1713.00,1798.00 1713.00,1798.00
             1713.00,1798.00 1716.58,1819.00 1716.58,1819.00
             1716.58,1819.00 1717.17,1828.00 1717.17,1828.00
             1717.17,1828.00 1719.70,1840.00 1719.70,1840.00
             1719.70,1840.00 1721.28,1857.00 1721.28,1857.00
             1722.19,1864.01 1724.00,1876.21 1717.61,1881.26
             1714.95,1883.37 1700.93,1883.99 1697.00,1884.00
             1697.00,1884.00 1675.00,1884.00 1675.00,1884.00
             1670.20,1883.94 1659.67,1883.55 1656.56,1879.77
             1653.91,1876.56 1653.92,1870.97 1654.01,1867.00
             1654.01,1867.00 1656.39,1840.00 1656.39,1840.00
             1657.12,1836.53 1658.92,1834.21 1659.70,1829.00
             1661.58,1816.42 1660.86,1803.67 1661.00,1791.00
             1661.00,1791.00 1663.14,1767.00 1663.14,1767.00
             1663.14,1767.00 1663.14,1756.00 1663.14,1756.00
             1663.99,1750.60 1664.92,1749.14 1665.00,1743.00
             1665.00,1743.00 1665.00,1721.00 1665.00,1721.00
             1665.02,1707.97 1668.98,1706.03 1669.00,1693.00
             1669.00,1693.00 1669.00,1635.00 1669.00,1635.00
             1669.02,1622.42 1671.98,1624.10 1672.00,1611.00
             1672.00,1611.00 1672.00,1546.00 1672.00,1546.00
             1672.00,1546.00 1672.00,1465.00 1672.00,1465.00
             1672.00,1460.74 1671.54,1441.69 1672.60,1439.06
             1673.40,1437.07 1673.76,1437.25 1675.15,1436.02 Z
           M 2569.00,1801.00
           C 2573.07,1790.15 2570.02,1780.98 2570.00,1770.00
             2570.00,1770.00 2570.00,1717.00 2570.00,1717.00
             2570.00,1717.00 2570.00,1523.00 2570.00,1523.00
             2570.00,1523.00 2570.00,1467.00 2570.00,1467.00
             2570.00,1467.00 2569.00,1447.00 2569.00,1447.00
             2569.13,1436.48 2571.06,1435.02 2581.00,1435.00
             2581.00,1435.00 2595.00,1435.00 2595.00,1435.00
             2604.13,1435.13 2603.99,1437.82 2604.00,1446.00
             2604.00,1446.00 2604.00,1590.00 2604.00,1590.00
             2604.02,1604.09 2608.98,1608.36 2609.00,1623.00
             2609.00,1623.00 2609.00,1701.00 2609.00,1701.00
             2609.00,1701.00 2610.00,1715.00 2610.00,1715.00
             2610.00,1715.00 2610.00,1747.00 2610.00,1747.00
             2610.00,1747.00 2611.08,1766.00 2611.08,1766.00
             2611.08,1766.00 2611.08,1784.00 2611.08,1784.00
             2611.08,1784.00 2613.00,1802.00 2613.00,1802.00
             2613.03,1815.81 2614.71,1811.26 2616.77,1821.00
             2617.26,1824.90 2616.95,1831.75 2616.77,1836.00
             2616.77,1836.00 2618.72,1851.00 2618.72,1851.00
             2618.72,1851.00 2619.99,1869.00 2619.99,1869.00
             2620.08,1873.19 2620.18,1878.34 2616.61,1881.27
             2613.36,1883.92 2606.07,1883.99 2602.00,1884.00
             2602.00,1884.00 2591.00,1884.00 2591.00,1884.00
             2591.00,1884.00 2576.00,1883.00 2576.00,1883.00
             2576.00,1883.00 2355.00,1883.00 2355.00,1883.00
             2355.00,1883.00 2340.00,1884.00 2340.00,1884.00
             2335.79,1884.05 2321.25,1883.51 2318.04,1881.83
             2312.01,1878.67 2309.90,1871.56 2306.96,1866.00
             2306.96,1866.00 2302.26,1858.00 2302.26,1858.00
             2302.26,1858.00 2294.94,1843.00 2294.94,1843.00
             2294.94,1843.00 2291.12,1837.00 2291.12,1837.00
             2291.12,1837.00 2288.19,1830.00 2288.19,1830.00
             2288.19,1830.00 2280.45,1818.00 2280.45,1818.00
             2280.45,1818.00 2272.99,1805.00 2272.99,1805.00
             2272.99,1805.00 2269.82,1798.00 2269.82,1798.00
             2269.82,1798.00 2261.07,1784.00 2261.07,1784.00
             2261.07,1784.00 2251.88,1765.00 2251.88,1765.00
             2251.88,1765.00 2247.40,1758.00 2247.40,1758.00
             2247.40,1758.00 2240.65,1745.00 2240.65,1745.00
             2240.65,1745.00 2230.20,1728.00 2230.20,1728.00
             2230.20,1728.00 2221.49,1711.00 2221.49,1711.00
             2221.49,1711.00 2200.62,1674.00 2200.62,1674.00
             2200.62,1674.00 2197.16,1666.00 2197.16,1666.00
             2197.16,1666.00 2193.08,1660.00 2193.08,1660.00
             2193.08,1660.00 2189.25,1652.00 2189.25,1652.00
             2189.25,1652.00 2181.41,1640.00 2181.41,1640.00
             2181.41,1640.00 2177.25,1631.00 2177.25,1631.00
             2177.25,1631.00 2169.07,1618.00 2169.07,1618.00
             2169.07,1618.00 2165.96,1611.00 2165.96,1611.00
             2165.96,1611.00 2156.42,1594.00 2156.42,1594.00
             2156.42,1594.00 2153.38,1587.00 2153.38,1587.00
             2153.38,1587.00 2145.96,1575.00 2145.96,1575.00
             2145.96,1575.00 2142.16,1566.00 2142.16,1566.00
             2142.16,1566.00 2132.51,1551.00 2132.51,1551.00
             2132.51,1551.00 2122.97,1533.00 2122.97,1533.00
             2122.97,1533.00 2108.90,1508.00 2108.90,1508.00
             2108.90,1508.00 2105.88,1501.00 2105.88,1501.00
             2105.88,1501.00 2101.10,1493.00 2101.10,1493.00
             2096.83,1483.47 2094.56,1481.99 2089.95,1474.00
             2089.95,1474.00 2085.91,1466.00 2085.91,1466.00
             2085.91,1466.00 2076.95,1452.00 2076.95,1452.00
             2074.47,1448.05 2067.09,1437.49 2075.06,1435.23
             2076.41,1434.94 2079.50,1435.00 2081.00,1435.23
             2081.00,1435.23 2355.00,1435.23 2355.00,1435.23
             2357.02,1435.00 2360.11,1434.88 2361.96,1435.23
             2368.26,1438.02 2373.40,1450.18 2376.67,1456.00
             2376.67,1456.00 2382.02,1466.00 2382.02,1466.00
             2382.02,1466.00 2385.08,1473.00 2385.08,1473.00
             2385.08,1473.00 2389.69,1480.00 2389.69,1480.00
             2389.69,1480.00 2391.97,1486.00 2391.97,1486.00
             2391.97,1486.00 2400.37,1498.00 2400.37,1498.00
             2400.37,1498.00 2403.98,1506.00 2403.98,1506.00
             2403.98,1506.00 2415.51,1526.00 2415.51,1526.00
             2415.51,1526.00 2425.58,1544.00 2425.58,1544.00
             2425.58,1544.00 2428.42,1551.00 2428.42,1551.00
             2428.42,1551.00 2435.58,1563.00 2435.58,1563.00
             2435.58,1563.00 2440.07,1572.00 2440.07,1572.00
             2440.07,1572.00 2444.80,1579.00 2444.80,1579.00
             2444.80,1579.00 2453.86,1596.00 2453.86,1596.00
             2453.86,1596.00 2461.97,1610.00 2461.97,1610.00
             2461.97,1610.00 2473.51,1631.00 2473.51,1631.00
             2473.51,1631.00 2477.07,1639.00 2477.07,1639.00
             2477.07,1639.00 2480.86,1645.00 2480.86,1645.00
             2480.86,1645.00 2483.72,1652.00 2483.72,1652.00
             2483.72,1652.00 2492.41,1665.00 2492.41,1665.00
             2492.41,1665.00 2499.09,1677.00 2499.09,1677.00
             2499.09,1677.00 2502.04,1684.00 2502.04,1684.00
             2502.04,1684.00 2516.96,1710.00 2516.96,1710.00
             2516.96,1710.00 2520.21,1717.00 2520.21,1717.00
             2520.21,1717.00 2524.46,1724.00 2524.46,1724.00
             2524.46,1724.00 2527.04,1730.00 2527.04,1730.00
             2527.04,1730.00 2534.38,1742.00 2534.38,1742.00
             2534.38,1742.00 2537.84,1750.00 2537.84,1750.00
             2537.84,1750.00 2547.19,1765.00 2547.19,1765.00
             2547.19,1765.00 2553.60,1777.00 2553.60,1777.00
             2558.21,1785.86 2560.94,1794.34 2569.00,1801.00 Z" />
</svg>
